110 27335
111 31776
112 65382
113 71344
114 137035
115 180263
116 286800
117 403141
130 36835070
118 505429
131 18011088
119 618198
132 9946006
133 1207771
134 503050
135 588651
136 378987
150 907261
137 439836
151 809414
138 419846
152 3301654
139 305276
153 33424336
154 708149
155 363990
156 172151
157 8469
170 6212
158 7380
171 6480
159 6900
172 6651
173 6437
174 6547
175 6721
176 6736
210 11474
190 7881
177 6854
191 7861
178 6972
211 11571
179 7184
192 8298
212 12833
213 12075
193 8486
194 8480
214 13290
195 8803
215 12058
196 8684
216 13950
197 8770
217 13203
198 8985
218 15479
199 8826
219 13890
100 7246718
101 4006187
102 10679473
103 418568
104 225330
105 133513
106 12002
107 12957
120 879578
108 13942
121 994955
109 19011
122 1457124
123 1628842
124 2096295
125 5068700
126 27126225
140 38268
127 36687812
141 34118
128 153474518
142 34900
129 1385544085
143 46773
144 148147
145 76184
146 29586
160 7711
147 32684
161 6928
148 43755
162 6751
149 122686
163 6590
164 6057
165 5944
166 6001
167 6028
200 9105
180 7210
201 9002
181 7094
168 6146
182 7001
169 6224
202 9378
203 9548
183 7513
204 10053
184 7705
205 9827
185 7586
186 7569
206 10513
187 7773
207 10178
220 15981
188 7888
208 11300
221 14899
189 8002
222 17259
209 10877
223 14998
224 18556
225 15311
226 16276
