110 950
111 1711
112 2955
113 4146
114 6283
115 8503
116 16515
117 19411
130 1700539
118 19240
131 688239
132 575596
119 26628
133 79850
134 31231
135 37332
136 23568
150 105069
137 26796
151 17876
138 23977
152 64204
139 20186
153 1776749
154 18907
155 7561
156 4730
100 333543
101 101508
102 319003
103 7718
104 4615
105 4723
106 304
107 325
120 49418
108 479
121 36356
109 642
122 66262
123 75624
124 87248
125 217573
126 3086978
127 1178333
140 1927
141 2017
128 4974911
142 1834
129 102995098
143 2170
144 8539
145 3747
146 1128
147 1283
148 1771
149 4511
